5012.0 2497.0 
5258.0 2396.0 
5012.0 2497.0 
5258.0 2396.0 
5046.0 2473.0 
5020.0 2492.0 
5027.0 2482.0 
5053.0 2464.0 
5152.0 2425.0 
5239.0 2398.0 
5207.0 2405.0 
5171.0 2416.0 
5135.0 2428.0 
5124.0 2432.0 
5035.0 2477.0 
5061.0 2459.0 
5160.0 2420.0 
5116.0 2437.0 
5226.0 2403.0 
5196.0 2409.0 
5072.0 2455.0 
5188.0 2414.0 
5027.0 2482.0 
5053.0 2464.0 
5020.0 2492.0 
5135.0 2428.0 
5072.0 2455.0 
5061.0 2459.0 
5160.0 2420.0 
5124.0 2432.0 
5035.0 2477.0 
5082.0 2452.0 
5106.0 2440.0 
5046.0 2473.0 
5239.0 2398.0 
5207.0 2405.0 
5171.0 2416.0 
5116.0 2437.0 
5152.0 2425.0 
5196.0 2409.0 
5192.0 2413.0 
5228.0 2402.0 
5101.0 2443.0 
5095.0 2444.0 
5106.0 2440.0 
5082.0 2452.0 
5228.0 2402.0 
5090.0 2447.0 
5087.0 2449.0 
5087.0 2449.0 
5090.0 2447.0 
5188.0 2414.0 
5095.0 2444.0 
5101.0 2443.0 
5226.0 2403.0 
5192.0 2413.0 
5258.0 2396.0 
5012.0 2497.0 
5027.0 2482.0 
5053.0 2464.0 
5020.0 2492.0 
5135.0 2428.0 
5072.0 2455.0 
5035.0 2477.0 
5124.0 2432.0 
5160.0 2420.0 
5061.0 2459.0 
5046.0 2473.0 
5239.0 2398.0 
5207.0 2405.0 
5171.0 2416.0 
5116.0 2437.0 
5152.0 2425.0 
5196.0 2409.0 
5106.0 2440.0 
5082.0 2452.0 
5228.0 2402.0 
5087.0 2449.0 
5090.0 2447.0 
5188.0 2414.0 
5095.0 2444.0 
5101.0 2443.0 
5226.0 2403.0 
5192.0 2413.0 
5012.0 2497.0 
5258.0 2396.0 
5027.0 2482.0 
5053.0 2464.0 
5020.0 2492.0 
5135.0 2428.0 
5072.0 2455.0 
5035.0 2477.0 
5160.0 2420.0 
5061.0 2459.0 
5124.0 2432.0 
5046.0 2473.0 
5207.0 2405.0 
5239.0 2398.0 
5171.0 2416.0 
5116.0 2437.0 
