 14
 5 15
 25 25 18 24 20 19 25 24 23 15 18 18 25 15 22
 25 18 17 22 21 23 20 23 16 19 15 18 16 23 16
 18 16 19 15 15 18 15 20 19 24 22 20 25 16 21
 18 21 16 18 17 24 18 23 22 16 17 22 22 18 16
 17 18 15 21 23 21 24 23 20 22 19 15 22 22 25
 16 20 9 22 17 19 20 22 20 13 6 20 23 19 7
 12 22 18 18 6 13 17 17 17 14 20 12 17 14 22
 5 19 19 14 24 16 7 8 9 22 13 23 24 15 20
 20 8 6 9 5 17 23 18 14 12 14 17 15 23 21
 6 6 24 24 8 7 5 25 21 18 12 20 20 7 12
 40 38 38 35 34
 5 15
 25 25 18 24 20 19 25 24 23 15 18 18 25 15 22
 25 18 17 22 21 23 20 23 16 19 15 18 16 23 16
 18 16 19 15 15 18 15 20 19 24 22 20 25 16 21
 18 21 16 18 17 24 18 23 22 16 17 22 22 18 16
 17 18 15 21 23 21 24 23 20 22 19 15 22 22 25
 16 20 9 22 17 19 20 22 20 13 6 20 23 19 7
 12 22 18 18 6 13 17 17 17 14 20 12 17 14 22
 5 19 19 14 24 16 7 8 9 22 13 23 24 15 20
 20 8 6 9 5 17 23 18 14 12 14 17 15 23 21
 6 6 24 24 8 7 5 25 21 18 12 20 20 7 12
 40 38 38 35 34
 5 20
 15 12 16 15 20 18 11 14 23 14 18 13
 11 15 17 18 20 11 20 24
 22 14 10 15 12 21 24 16 17 22 11 15
 18 15 18 23 22 23 21 13
 25 11 22 10 22 17 22 12 21 21 16 14
 23 21 14 17 25 18 15 15
 23 13 14 25 21 18 23 19 17 18 20 20
 22 24 23 13 17 22 20 21
 15 25 22 14 17 21 16 21 20 12 15 18
 17 21 20 20 13 14 23 14
 11 11 5 25 10 17 16 20 5 20 14 10
 15 6 11 14 13 8 15 11
 17 17 12 23 16 25 13 16 19 16 24 17
 24 6 6 16 25 21 5 18
 13 13 20 17 8 7 16 9 23 18 21 24
 11 15 12 24 19 23 13 12
 6 10 18 16 12 25 17 7 10 6 20 20
 9 20 11 21 6 9 20 23
 7 14 18 24 7 24 18 19 18 23 15 16
 14 9 16 25 15 20 23 17
 42 54 52 47 55
 5 25
 18 19 19 17 24 25 24 25 25 23 20 21 25 17 25 21 25 19 23 19 20
 15 25 23 17
 25 17 18 16 18 15 23 20 19 22 23 18 17 16 16 24 16 23 23 24 19
 17 15 17 17
 17 25 15 23 21 20 24 17 21 22 22 15 18 23 17 22 20 24 19 18 15
 15 18 19 19
 21 16 25 23 18 21 18 16 21 21 15 21 24 23 24 23 20 25 24 18 19
 23 22 22 16
 24 16 24 19 16 25 23 25 17 21 21 22 17 25 19 21 23 19 17 24 19
 15 20 15 20
 25 23 5 13 6 15 24 9 17 11 5 6 8 14 9 9 21 23 13 8 22
 20 24 15 20
 18 8 5 20 8 7 13 17 9 16 19 11 6 12 25 23 9 21 11 15 24
 23 15 21 12
 7 25 13 9 16 16 8 17 5 17 10 18 21 25 17 24 20 16 9 18 18
 18 16 6 24
 25 11 8 7 25 20 24 16 9 15 22 10 17 6 22 11 19 20 14 14 8
 18 22 18 22
 7 16 20 18 13 10 15 20 5 19 11 6 11 23 15 21 15 20 21 11 9
 25 17 18 12
 58 58 62 64 60
 5 30
 15 16 12 17 12 15 19 15 19 17 25 17
 19 15 20 16 12 16 13 22 16 16 14 21 21
 24 13 25 21 22
 12 20 11 13 22 15 14 22 21 10 24 22
 23 14 14 22 22 17 14 19 21 11 20 21 14
 23 10 17 24 22
 19 19 16 11 18 20 18 22 21 15 22 23
 16 23 18 18 18 22 21 12 20 18 13 25 10
 23 21 24 22 18
 23 12 13 12 24 23 11 20 14 20 19 14
 19 22 24 13 10 16 12 23 18 24 24 18 25
 10 18 18 19 15
 15 13 16 23 19 21 15 12 18 21 12 18
 21 16 17 14 13 14 19 18 21 12 14 17 15
 24 21 13 11 24
 7 13 21 19 10 23 14 16 13 16 17 11
 23 20 9 24 24 19 18 21 18 18 18 17 24
 19 9 9 7 13
 12 12 23 23 6 24 13 24 16 17 9 15
 5 20 19 17 16 13 8 13 24 5 6 25 10
 16 23 8 6 13
 11 17 17 21 12 13 16 17 15 11 16 20
 23 18 14 24 23 21 6 20 13 10 20 15 20
 10 8 23 24 18
 18 23 13 8 15 12 16 13 9 6 12 13
 13 14 18 6 6 7 12 10 22 10 8 8 9
 18 5 7 21 22
 22 7 7 13 12 15 13 12 23 16 21 9
 15 16 6 18 11 16 22 6 9 7 15 9 6
 16 17 23 5 10
 79 72 79 61 64
 5 35
 15 16 12 17 12 15 19 15 19 17 25 17
 19 15 20 16 12 16 13 22 16 16 14 21 21
 24 13 25 21 22 24 13 25 21 22
 12 20 11 13 22 15 14 22 21 10 24 22
 23 14 14 22 22 17 14 19 21 11 20 21 14
 23 10 17 24 22 24 13 25 21 22
 19 19 16 11 18 20 18 22 21 15 22 23
 16 23 18 18 18 22 21 12 20 18 13 25 10
 23 21 24 22 18 24 13 25 21 22
 23 12 13 12 24 23 11 20 14 20 19 14
 19 22 24 13 10 16 12 23 18 24 24 18 25
 10 18 18 19 15 24 13 25 21 22
 15 13 16 23 19 21 15 12 18 21 12 18
 21 16 17 14 13 14 19 18 21 12 14 17 15
 24 21 13 11 24 24 13 25 21 22
 7 13 21 19 10 23 14 16 13 16 17 11
 23 20 9 24 24 19 18 21 18 18 18 17 24
 19 9 9 7 13 24 13 25 21 22
 12 12 23 23 6 24 13 24 16 17 9 15
 5 20 19 17 16 13 8 13 24 5 6 25 10
 16 23 8 6 13 24 13 25 21 22
 11 17 17 21 12 13 16 17 15 11 16 20
 23 18 14 24 23 21 6 20 13 10 20 15 20
 10 8 23 24 18 24 13 25 21 22
 18 23 13 8 15 12 16 13 9 6 12 13
 13 14 18 6 6 7 12 10 22 10 8 8 9
 18 5 7 21 22 24 13 25 21 22
 22 7 7 13 12 15 13 12 23 16 21 9
 15 16 6 18 11 16 22 6 9 7 15 9 6
 16 17 23 5 10 24 13 25 21 22
 79 72 79 61 64
 5 40
 22 21 20 16 15 17 18 15 24 16 18 16 23 16 18 15 17 17 23 21 17
 19 22 22 18 16 25 18 25 21 23 23 15 19 16 20 15 18 23 23
 20 25 24 17 20 19 23 22 17 16 19 24 18 18 19 24 16 25 20 20 24
 22 23 18 17 16 15 23 23 16 15 20 22 22 25 20 24 17 24 24
 22 24 17 20 21 18 16 22 24 22 24 18 16 20 15 15 24 16 21 15 20
 18 17 15 21 15 22 18 22 17 24 21 18 16 20 15 16 19 19 21
 19 24 24 19 17 18 25 16 20 23 22 18 16 15 16 21 25 16 25 22 25
 15 19 20 16 25 17 23 23 16 25 22 22 22 20 16 22 15 20 20
 22 20 24 21 24 21 24 20 21 25 22 19 17 20 23 23 20 24 23 16 19
 23 20 22 19 21 20 22 19 23 21 17 21 22 24 17 22 18 15 21
 7 25 17 7 19 11 6 15 21 6 9 22 9 20 21 7 7 12 18
 23 8 15 23 7 7 10 7 16 25 9 11 23 22 9 12 17 5 21 13 20
 25 8 22 9 13 10 7 15 8 19 6 22 14 22 17 8 14 19 23
 20 14 16 12 19 5 20 11 18 14 23 19 8 17 22 13 5 19 15 20 22
 20 23 17 11 5 23 12 6 15 14 24 25 17 17 19 18 7 10 19
 17 19 25 20 9 7 20 11 22 23 5 16 9 18 21 24 22 8 13 25 18
 10 25 11 9 23 5 17 20 25 22 18 24 17 7 11 5 23 9 14
 19 24 5 8 5 11 8 14 14 14 10 6 10 25 13 14 24 16 8 24 16
 19 15 18 13 22 18 21 12 10 13 11 14 7 21 6 11 16 12 24
 18 24 20 21 13 14 13 23 5 22 11 10 5 7 12 7 12 11 25 20 13
 79 72 79 61 64
 5 45
 22 21 20 16 15 17 18 15 24 16 18 16 23 16 18 15 17 17 23 21 17 17 17 23 21 17
 19 22 22 18 16 25 18 25 21 23 23 15 19 16 20 15 18 23 23
 20 25 24 17 20 19 23 22 17 16 19 24 18 18 19 24 16 25 20 20 24 17 17 23 21 17
 22 23 18 17 16 15 23 23 16 15 20 22 22 25 20 24 17 24 24
 22 24 17 20 21 18 16 22 24 22 24 18 16 20 15 15 24 16 21 15 20 17 17 23 21 17
 18 17 15 21 15 22 18 22 17 24 21 18 16 20 15 16 19 19 21
 19 24 24 19 17 18 25 16 20 23 22 18 16 15 16 21 25 16 25 22 25 17 17 23 21 17
 15 19 20 16 25 17 23 23 16 25 22 22 22 20 16 22 15 20 20
 22 20 24 21 24 21 24 20 21 25 22 19 17 20 23 23 20 24 23 16 19 17 17 23 21 17
 23 20 22 19 21 20 22 19 23 21 17 21 22 24 17 22 18 15 21
 7 25 17 7 19 11 6 15 21 6 9 22 9 20 21 7 7 12 18 17 17 23 21 17
 23 8 15 23 7 7 10 7 16 25 9 11 23 22 9 12 17 5 21 13 20
 25 8 22 9 13 10 7 15 8 19 6 22 14 22 17 8 14 19 23 17 17 23 21 17
 20 14 16 12 19 5 20 11 18 14 23 19 8 17 22 13 5 19 15 20 22
 20 23 17 11 5 23 12 6 15 14 24 25 17 17 19 18 7 10 19 17 17 23 21 17
 17 19 25 20 9 7 20 11 22 23 5 16 9 18 21 24 22 8 13 25 18
 10 25 11 9 23 5 17 20 25 22 18 24 17 7 11 5 23 9 14 17 17 23 21 17
 19 24 5 8 5 11 8 14 14 14 10 6 10 25 13 14 24 16 8 24 16
 19 15 18 13 22 18 21 12 10 13 11 14 7 21 6 11 16 12 24 17 17 23 21 17
 18 24 20 21 13 14 13 23 5 22 11 10 5 7 12 7 12 11 25 20 13
 79 72 79 61 64
 5 50
 22 21 20 16 15 17 18 15 24 16 18 16 23 16 18 15 17 17 23 21 17 17 17 23 21
 19 22 22 18 16 25 18 25 21 23 23 15 19 16 20 15 18 23 23 21 17 17 17 23 21
 20 25 24 17 20 19 23 22 17 16 19 24 18 18 19 24 16 25 20 20 24 17 17 23 21
 22 23 18 17 16 15 23 23 16 15 20 22 22 25 20 24 17 24 24 21 17 17 17 23 21
 22 24 17 20 21 18 16 22 24 22 24 18 16 20 15 15 24 16 21 15 20 17 17 23 21
 18 17 15 21 15 22 18 22 17 24 21 18 16 20 15 16 19 19 21 21 17 17 17 23 21
 19 24 24 19 17 18 25 16 20 23 22 18 16 15 16 21 25 16 25 22 25 17 17 23 21
 15 19 20 16 25 17 23 23 16 25 22 22 22 20 16 22 15 20 20 21 17 17 17 23 21
 22 20 24 21 24 21 24 20 21 25 22 19 17 20 23 23 20 24 23 16 19 17 17 23 21
 23 20 22 19 21 20 22 19 23 21 17 21 22 24 17 22 18 15 21 21 17 17 17 23 21
 22 21 20 16 15 17 18 15 24 16 18 16 23 16 18 15 17 17 23 21 17 17 17 23 21
 19 22 22 18 16 25 18 25 21 23 23 15 19 16 20 15 18 23 23 21 17 17 17 23 21
 20 25 24 17 20 19 23 22 17 16 19 24 18 18 19 24 16 25 20 20 24 17 17 23 21
 22 23 18 17 16 15 23 23 16 15 20 22 22 25 20 24 17 24 24 21 17 17 17 23 21
 22 24 17 20 21 18 16 22 24 22 24 18 16 20 15 15 24 16 21 15 20 17 17 23 21
 18 17 15 21 15 22 18 22 17 24 21 18 16 20 15 16 19 19 21 21 17 17 17 23 21
 19 24 24 19 17 18 25 16 20 23 22 18 16 15 16 21 25 16 25 22 25 17 17 23 21
 15 19 20 16 25 17 23 23 16 25 22 22 22 20 16 22 15 20 20 21 17 17 17 23 21
 22 20 24 21 24 21 24 20 21 25 22 19 17 20 23 23 20 24 23 16 19 17 17 23 21
 23 20 22 19 21 20 22 19 23 21 17 21 22 24 17 22 18 15 21 21 17 17 17 23 21
 79 72 79 61 64
 5 60
 22 21 20 16 15 17 18 15 24 16 18 16 23 16 18 15 17 17 23 21 17 17 17 23 21
 19 22 22 18 16 25 18 25 21 23 23 15 19 16 20 15 18 23 23 21 17 17 17 23 21
 22 21 20 16 15 22 21 20 16 15
 20 25 24 17 20 19 23 22 17 16 19 24 18 18 19 24 16 25 20 20 24 17 17 23 21
 22 23 18 17 16 15 23 23 16 15 20 22 22 25 20 24 17 24 24 21 17 17 17 23 21
 22 21 20 16 15 22 21 20 16 15
 22 24 17 20 21 18 16 22 24 22 24 18 16 20 15 15 24 16 21 15 20 17 17 23 21
 18 17 15 21 15 22 18 22 17 24 21 18 16 20 15 16 19 19 21 21 17 17 17 23 21
 22 21 20 16 15 22 21 20 16 15
 19 24 24 19 17 18 25 16 20 23 22 18 16 15 16 21 25 16 25 22 25 17 17 23 21
 15 19 20 16 25 17 23 23 16 25 22 22 22 20 16 22 15 20 20 21 17 17 17 23 21
 22 21 20 16 15 22 21 20 16 15
 22 20 24 21 24 21 24 20 21 25 22 19 17 20 23 23 20 24 23 16 19 17 17 23 21
 23 20 22 19 21 20 22 19 23 21 17 21 22 24 17 22 18 15 21 21 17 17 17 23 21
 22 21 20 16 15 22 21 20 16 15
 22 21 20 16 15 17 18 15 24 16 18 16 23 16 18 15 17 17 23 21 17 17 17 23 21
 19 22 22 18 16 25 18 25 21 23 23 15 19 16 20 15 18 23 23 21 17 17 17 23 21
 22 21 20 16 15 22 21 20 16 15
 20 25 24 17 20 19 23 22 17 16 19 24 18 18 19 24 16 25 20 20 24 17 17 23 21
 22 23 18 17 16 15 23 23 16 15 20 22 22 25 20 24 17 24 24 21 17 17 17 23 21
 22 21 20 16 15 22 21 20 16 15
 22 24 17 20 21 18 16 22 24 22 24 18 16 20 15 15 24 16 21 15 20 17 17 23 21
 18 17 15 21 15 22 18 22 17 24 21 18 16 20 15 16 19 19 21 21 17 17 17 23 21
 22 21 20 16 15 22 21 20 16 15
 19 24 24 19 17 18 25 16 20 23 22 18 16 15 16 21 25 16 25 22 25 17 17 23 21
 15 19 20 16 25 17 23 23 16 25 22 22 22 20 16 22 15 20 20 21 17 17 17 23 21
 22 21 20 16 15 22 21 20 16 15
 22 20 24 21 24 21 24 20 21 25 22 19 17 20 23 23 20 24 23 16 19 17 17 23 21
 23 20 22 19 21 20 22 19 23 21 17 21 22 24 17 22 18 15 21 21 17 17 17 23 21
 22 21 20 16 15 22 21 20 16 15
 79 72 79 61 64
 5 70
 22 21 20 16 15 17 18 15 24 16 18 16 23 16 18 15 17 17 23 21 17 17 17 23 21
 19 22 22 18 16 25 18 25 21 23 23 15 19 16 20 15 18 23 23 21 17 17 17 23 21
 22 21 20 16 15 22 21 20 16 15 22 21 20 16 15 22 21 20 16 15
 20 25 24 17 20 19 23 22 17 16 19 24 18 18 19 24 16 25 20 20 24 17 17 23 21
 22 23 18 17 16 15 23 23 16 15 20 22 22 25 20 24 17 24 24 21 17 17 17 23 21
 22 21 20 16 15 22 21 20 16 15 22 21 20 16 15 22 21 20 16 15
 22 24 17 20 21 18 16 22 24 22 24 18 16 20 15 15 24 16 21 15 20 17 17 23 21
 18 17 15 21 15 22 18 22 17 24 21 18 16 20 15 16 19 19 21 21 17 17 17 23 21
 22 21 20 16 15 22 21 20 16 15 22 21 20 16 15 22 21 20 16 15
 19 24 24 19 17 18 25 16 20 23 22 18 16 15 16 21 25 16 25 22 25 17 17 23 21
 15 19 20 16 25 17 23 23 16 25 22 22 22 20 16 22 15 20 20 21 17 17 17 23 21
 22 21 20 16 15 22 21 20 16 15 22 21 20 16 15 22 21 20 16 15
 22 20 24 21 24 21 24 20 21 25 22 19 17 20 23 23 20 24 23 16 19 17 17 23 21
 23 20 22 19 21 20 22 19 23 21 17 21 22 24 17 22 18 15 21 21 17 17 17 23 21
 22 21 20 16 15 22 21 20 16 15 22 21 20 16 15 22 21 20 16 15
 22 21 20 16 15 17 18 15 24 16 18 16 23 16 18 15 17 17 23 21 17 17 17 23 21
 19 22 22 18 16 25 18 25 21 23 23 15 19 16 20 15 18 23 23 21 17 17 17 23 21
 22 21 20 16 15 22 21 20 16 15 22 21 20 16 15 22 21 20 16 15
 20 25 24 17 20 19 23 22 17 16 19 24 18 18 19 24 16 25 20 20 24 17 17 23 21
 22 23 18 17 16 15 23 23 16 15 20 22 22 25 20 24 17 24 24 21 17 17 17 23 21
 22 21 20 16 15 22 21 20 16 15 22 21 20 16 15 22 21 20 16 15
 22 24 17 20 21 18 16 22 24 22 24 18 16 20 15 15 24 16 21 15 20 17 17 23 21
 18 17 15 21 15 22 18 22 17 24 21 18 16 20 15 16 19 19 21 21 17 17 17 23 21
 22 21 20 16 15 22 21 20 16 15 22 21 20 16 15 22 21 20 16 15
 19 24 24 19 17 18 25 16 20 23 22 18 16 15 16 21 25 16 25 22 25 17 17 23 21
 15 19 20 16 25 17 23 23 16 25 22 22 22 20 16 22 15 20 20 21 17 17 17 23 21
 22 21 20 16 15 22 21 20 16 15 22 21 20 16 15 22 21 20 16 15
 22 20 24 21 24 21 24 20 21 25 22 19 17 20 23 23 20 24 23 16 19 17 17 23 21
 23 20 22 19 21 20 22 19 23 21 17 21 22 24 17 22 18 15 21 21 17 17 17 23 21
 22 21 20 16 15 22 21 20 16 15 22 21 20 16 15 22 21 20 16 15
 79 72 79 61 64
 5 80
 22 21 20 16 15 17 18 15 24 16 18 16 23 16 18 15 17 17 23 21 17 17 17 23 21
 19 22 22 18 16 25 18 25 21 23 23 15 19 16 20 15 18 23 23 21 17 17 17 23 21
 22 21 20 16 15 22 21 20 16 15 22 21 20 16 15 22 21 20 16 15 22 21 20 16 15 22 21 20 16 15
 20 25 24 17 20 19 23 22 17 16 19 24 18 18 19 24 16 25 20 20 24 17 17 23 21
 22 23 18 17 16 15 23 23 16 15 20 22 22 25 20 24 17 24 24 21 17 17 17 23 21
 22 21 20 16 15 22 21 20 16 15 22 21 20 16 15 22 21 20 16 15 22 21 20 16 15 22 21 20 16 15
 22 24 17 20 21 18 16 22 24 22 24 18 16 20 15 15 24 16 21 15 20 17 17 23 21
 18 17 15 21 15 22 18 22 17 24 21 18 16 20 15 16 19 19 21 21 17 17 17 23 21
 22 21 20 16 15 22 21 20 16 15 22 21 20 16 15 22 21 20 16 15 22 21 20 16 15 22 21 20 16 15
 19 24 24 19 17 18 25 16 20 23 22 18 16 15 16 21 25 16 25 22 25 17 17 23 21
 15 19 20 16 25 17 23 23 16 25 22 22 22 20 16 22 15 20 20 21 17 17 17 23 21
 22 21 20 16 15 22 21 20 16 15 22 21 20 16 15 22 21 20 16 15 22 21 20 16 15 22 21 20 16 15
 22 20 24 21 24 21 24 20 21 25 22 19 17 20 23 23 20 24 23 16 19 17 17 23 21
 23 20 22 19 21 20 22 19 23 21 17 21 22 24 17 22 18 15 21 21 17 17 17 23 21
 22 21 20 16 15 22 21 20 16 15 22 21 20 16 15 22 21 20 16 15 22 21 20 16 15 22 21 20 16 15
 22 21 20 16 15 17 18 15 24 16 18 16 23 16 18 15 17 17 23 21 17 17 17 23 21
 19 22 22 18 16 25 18 25 21 23 23 15 19 16 20 15 18 23 23 21 17 17 17 23 21
 22 21 20 16 15 22 21 20 16 15 22 21 20 16 15 22 21 20 16 15 22 21 20 16 15 22 21 20 16 15
 20 25 24 17 20 19 23 22 17 16 19 24 18 18 19 24 16 25 20 20 24 17 17 23 21
 22 23 18 17 16 15 23 23 16 15 20 22 22 25 20 24 17 24 24 21 17 17 17 23 21
 22 21 20 16 15 22 21 20 16 15 22 21 20 16 15 22 21 20 16 15 22 21 20 16 15 22 21 20 16 15
 22 24 17 20 21 18 16 22 24 22 24 18 16 20 15 15 24 16 21 15 20 17 17 23 21
 18 17 15 21 15 22 18 22 17 24 21 18 16 20 15 16 19 19 21 21 17 17 17 23 21
 22 21 20 16 15 22 21 20 16 15 22 21 20 16 15 22 21 20 16 15 22 21 20 16 15 22 21 20 16 15
 19 24 24 19 17 18 25 16 20 23 22 18 16 15 16 21 25 16 25 22 25 17 17 23 21
 15 19 20 16 25 17 23 23 16 25 22 22 22 20 16 22 15 20 20 21 17 17 17 23 21
 22 21 20 16 15 22 21 20 16 15 22 21 20 16 15 22 21 20 16 15 22 21 20 16 15 22 21 20 16 15
 22 20 24 21 24 21 24 20 21 25 22 19 17 20 23 23 20 24 23 16 19 17 17 23 21
 23 20 22 19 21 20 22 19 23 21 17 21 22 24 17 22 18 15 21 21 17 17 17 23 21
 22 21 20 16 15 22 21 20 16 15 22 21 20 16 15 22 21 20 16 15 22 21 20 16 15 22 21 20 16 15
 79 72 79 61 64
 5 90
 22 21 20 16 15 17 18 15 24 16 18 16 23 16 18 15 17 17 23 21 17 17 17 23 21
 19 22 22 18 16 25 18 25 21 23 23 15 19 16 20 15 18 23 23 21 17 17 17 23 21
 22 21 20 16 15 22 21 20 16 15 22 21 20 16 15 22 21 20 16 15 22 21 20 16 15 22 21 20 16 15
 22 21 20 16 15 22 21 20 16 15
 20 25 24 17 20 19 23 22 17 16 19 24 18 18 19 24 16 25 20 20 24 17 17 23 21
 22 23 18 17 16 15 23 23 16 15 20 22 22 25 20 24 17 24 24 21 17 17 17 23 21
 22 21 20 16 15 22 21 20 16 15 22 21 20 16 15 22 21 20 16 15 22 21 20 16 15 22 21 20 16 15
 22 21 20 16 15 22 21 20 16 15
 22 24 17 20 21 18 16 22 24 22 24 18 16 20 15 15 24 16 21 15 20 17 17 23 21
 18 17 15 21 15 22 18 22 17 24 21 18 16 20 15 16 19 19 21 21 17 17 17 23 21
 22 21 20 16 15 22 21 20 16 15 22 21 20 16 15 22 21 20 16 15 22 21 20 16 15 22 21 20 16 15
 22 21 20 16 15 22 21 20 16 15
 19 24 24 19 17 18 25 16 20 23 22 18 16 15 16 21 25 16 25 22 25 17 17 23 21
 15 19 20 16 25 17 23 23 16 25 22 22 22 20 16 22 15 20 20 21 17 17 17 23 21
 22 21 20 16 15 22 21 20 16 15 22 21 20 16 15 22 21 20 16 15 22 21 20 16 15 22 21 20 16 15
 22 21 20 16 15 22 21 20 16 15
 22 20 24 21 24 21 24 20 21 25 22 19 17 20 23 23 20 24 23 16 19 17 17 23 21
 23 20 22 19 21 20 22 19 23 21 17 21 22 24 17 22 18 15 21 21 17 17 17 23 21
 22 21 20 16 15 22 21 20 16 15 22 21 20 16 15 22 21 20 16 15 22 21 20 16 15 22 21 20 16 15
 22 21 20 16 15 22 21 20 16 15
 22 21 20 16 15 17 18 15 24 16 18 16 23 16 18 15 17 17 23 21 17 17 17 23 21
 19 22 22 18 16 25 18 25 21 23 23 15 19 16 20 15 18 23 23 21 17 17 17 23 21
 22 21 20 16 15 22 21 20 16 15 22 21 20 16 15 22 21 20 16 15 22 21 20 16 15 22 21 20 16 15
 22 21 20 16 15 22 21 20 16 15
 20 25 24 17 20 19 23 22 17 16 19 24 18 18 19 24 16 25 20 20 24 17 17 23 21
 22 23 18 17 16 15 23 23 16 15 20 22 22 25 20 24 17 24 24 21 17 17 17 23 21
 22 21 20 16 15 22 21 20 16 15 22 21 20 16 15 22 21 20 16 15 22 21 20 16 15 22 21 20 16 15
 22 21 20 16 15 22 21 20 16 15
 22 24 17 20 21 18 16 22 24 22 24 18 16 20 15 15 24 16 21 15 20 17 17 23 21
 18 17 15 21 15 22 18 22 17 24 21 18 16 20 15 16 19 19 21 21 17 17 17 23 21
 22 21 20 16 15 22 21 20 16 15 22 21 20 16 15 22 21 20 16 15 22 21 20 16 15 22 21 20 16 15
 22 21 20 16 15 22 21 20 16 15
 19 24 24 19 17 18 25 16 20 23 22 18 16 15 16 21 25 16 25 22 25 17 17 23 21
 15 19 20 16 25 17 23 23 16 25 22 22 22 20 16 22 15 20 20 21 17 17 17 23 21
 22 21 20 16 15 22 21 20 16 15 22 21 20 16 15 22 21 20 16 15 22 21 20 16 15 22 21 20 16 15
 22 21 20 16 15 22 21 20 16 15
 22 20 24 21 24 21 24 20 21 25 22 19 17 20 23 23 20 24 23 16 19 17 17 23 21
 23 20 22 19 21 20 22 19 23 21 17 21 22 24 17 22 18 15 21 21 17 17 17 23 21
 22 21 20 16 15 22 21 20 16 15 22 21 20 16 15 22 21 20 16 15 22 21 20 16 15 22 21 20 16 15
 22 21 20 16 15 22 21 20 16 15
 79 72 79 61 64
 5 100
 22 21 20 16 15 17 18 15 24 16 18 16 23 16 18 15 17 17 23 21 17 17 17 23 21
 19 22 22 18 16 25 18 25 21 23 23 15 19 16 20 15 18 23 23 21 17 17 17 23 21
 22 21 20 16 15 22 21 20 16 15 22 21 20 16 15 22 21 20 16 15 22 21 20 16 15 22 21 20 16 15
 22 21 20 16 15 22 21 20 16 15 22 21 20 16 15 22 21 20 16 15
 20 25 24 17 20 19 23 22 17 16 19 24 18 18 19 24 16 25 20 20 24 17 17 23 21
 22 23 18 17 16 15 23 23 16 15 20 22 22 25 20 24 17 24 24 21 17 17 17 23 21
 22 21 20 16 15 22 21 20 16 15 22 21 20 16 15 22 21 20 16 15 22 21 20 16 15 22 21 20 16 15
 22 21 20 16 15 22 21 20 16 15 22 21 20 16 15 22 21 20 16 15
 22 24 17 20 21 18 16 22 24 22 24 18 16 20 15 15 24 16 21 15 20 17 17 23 21
 18 17 15 21 15 22 18 22 17 24 21 18 16 20 15 16 19 19 21 21 17 17 17 23 21
 22 21 20 16 15 22 21 20 16 15 22 21 20 16 15 22 21 20 16 15 22 21 20 16 15 22 21 20 16 15
 22 21 20 16 15 22 21 20 16 15 22 21 20 16 15 22 21 20 16 15
 19 24 24 19 17 18 25 16 20 23 22 18 16 15 16 21 25 16 25 22 25 17 17 23 21
 15 19 20 16 25 17 23 23 16 25 22 22 22 20 16 22 15 20 20 21 17 17 17 23 21
 22 21 20 16 15 22 21 20 16 15 22 21 20 16 15 22 21 20 16 15 22 21 20 16 15 22 21 20 16 15
 22 21 20 16 15 22 21 20 16 15 22 21 20 16 15 22 21 20 16 15
 22 20 24 21 24 21 24 20 21 25 22 19 17 20 23 23 20 24 23 16 19 17 17 23 21
 23 20 22 19 21 20 22 19 23 21 17 21 22 24 17 22 18 15 21 21 17 17 17 23 21
 22 21 20 16 15 22 21 20 16 15 22 21 20 16 15 22 21 20 16 15 22 21 20 16 15 22 21 20 16 15
 22 21 20 16 15 22 21 20 16 15 22 21 20 16 15 22 21 20 16 15
 22 21 20 16 15 17 18 15 24 16 18 16 23 16 18 15 17 17 23 21 17 17 17 23 21
 19 22 22 18 16 25 18 25 21 23 23 15 19 16 20 15 18 23 23 21 17 17 17 23 21
 22 21 20 16 15 22 21 20 16 15 22 21 20 16 15 22 21 20 16 15 22 21 20 16 15 22 21 20 16 15
 22 21 20 16 15 22 21 20 16 15 22 21 20 16 15 22 21 20 16 15
 20 25 24 17 20 19 23 22 17 16 19 24 18 18 19 24 16 25 20 20 24 17 17 23 21
 22 23 18 17 16 15 23 23 16 15 20 22 22 25 20 24 17 24 24 21 17 17 17 23 21
 22 21 20 16 15 22 21 20 16 15 22 21 20 16 15 22 21 20 16 15 22 21 20 16 15 22 21 20 16 15
 22 21 20 16 15 22 21 20 16 15 22 21 20 16 15 22 21 20 16 15
 22 24 17 20 21 18 16 22 24 22 24 18 16 20 15 15 24 16 21 15 20 17 17 23 21
 18 17 15 21 15 22 18 22 17 24 21 18 16 20 15 16 19 19 21 21 17 17 17 23 21
 22 21 20 16 15 22 21 20 16 15 22 21 20 16 15 22 21 20 16 15 22 21 20 16 15 22 21 20 16 15
 22 21 20 16 15 22 21 20 16 15 22 21 20 16 15 22 21 20 16 15
 19 24 24 19 17 18 25 16 20 23 22 18 16 15 16 21 25 16 25 22 25 17 17 23 21
 15 19 20 16 25 17 23 23 16 25 22 22 22 20 16 22 15 20 20 21 17 17 17 23 21
 22 21 20 16 15 22 21 20 16 15 22 21 20 16 15 22 21 20 16 15 22 21 20 16 15 22 21 20 16 15
 22 21 20 16 15 22 21 20 16 15 22 21 20 16 15 22 21 20 16 15
 22 20 24 21 24 21 24 20 21 25 22 19 17 20 23 23 20 24 23 16 19 17 17 23 21
 23 20 22 19 21 20 22 19 23 21 17 21 22 24 17 22 18 15 21 21 17 17 17 23 21
 22 21 20 16 15 22 21 20 16 15 22 21 20 16 15 22 21 20 16 15 22 21 20 16 15 22 21 20 16 15
 22 21 20 16 15 22 21 20 16 15 22 21 20 16 15 22 21 20 16 15
 79 72 79 61 64